
/	CG-5 SOFTWARE VER.:  4.2
/	CG-5 SURVEY
/	Survey name:   	g2
/	Instrument S/N:	40353
/	Client:        	hns
/	Operator:      	kd
/	Date:          	2022/ 5/24
/	Time:          	14:06:10
/	LONG:        	79.6000000 W
/	LAT:         	43.9000000 N
/	ZONE:        	0       
/	GMT DIFF.:   	4.0 

/	CG-5 SETUP PARAMETERS
/	Gref:		0.000   
/	Gcal1:		8053.603
/	TiltxS:		582.005 
/	TiltyS:		625.703 
/	TiltxO:		13.304  
/	TiltyO:		10.977  
/	Tempco:		-0.134  
/	Drift:		-0.531  
/	DriftTime Start:	12:07:10
/	DriftDate Start:	2022/05/24

/	CG-5 OPTIONS
/	Tide Correction:     NO
/	Cont. Tilt:          NO
/	Auto Rejection:      NO
/	Terrain Corr.:       NO
/	Seismic Filter:      NO
/	Raw Data:           YES
/------LINE-----STATION-----ALT.------GRAV.---SD.--TILTX--TILTY-TEMP---TIDE---DUR-REJ-----TIME----DEC.TIME+DATE--TERRAIN---DATE
 0.0000000  1000.0000000    0.0000   3401.099 0.010   -0.8    1.6 1.44 0.009  30   0 12:14:44     44674.50942    0.0000  2022/05/24
 0.0000000  1000.0000000    0.0000   3401.102 0.012   -0.4    1.8 1.45 0.009  30   0 12:15:27     44674.50991    0.0000  2022/05/24
 0.0000000  1000.0000000    0.0000   3401.106 0.023   -0.6    2.0 1.45 0.009  30   0 12:16:01     44674.51030    0.0000  2022/05/24
 0.0000000   3.0000000    0.0000   3407.353 0.034    5.7   -1.3 1.60 -0.010  30   0 13:32:05     44674.56304    0.0000  2022/05/24
 0.0000000   3.0000000    0.0000   3407.364 0.022    6.2   -1.1 1.61 -0.011  30   0 13:32:48     44674.56354    0.0000  2022/05/24
 0.0000000   3.0000000    0.0000   3407.364 0.029    6.4   -0.8 1.62 -0.011  30   0 13:33:22     44674.56393    0.0000  2022/05/24
 0.0000000   5.0000000    0.0000   3405.614 0.114   -6.9   -1.7 1.74 -0.014  30   0 13:45:31     44674.57236    0.0000  2022/05/24
 0.0000000   5.0000000    0.0000   3405.616 0.106   -2.0   -1.4 1.74 -0.014  30   0 13:46:14     44674.57286    0.0000  2022/05/24
 0.0000000   5.0000000    0.0000   3405.621 0.068   -0.1   -1.1 1.74 -0.014  30   0 13:46:48     44674.57325    0.0000  2022/05/24
 0.0000000   7.0000000    0.0000   3403.756 0.203    3.0   -1.9 1.67 -0.018  30   0 14:02:49     44674.58435    0.0000  2022/05/24
 0.0000000   7.0000000    0.0000   3403.764 0.269    3.9   -5.0 1.68 -0.018  30   0 14:03:32     44674.58485    0.0000  2022/05/24
 0.0000000   7.0000000    0.0000   3403.765 0.095    4.4   -8.5 1.68 -0.019  30   0 14:04:06     44674.58524    0.0000  2022/05/24
 0.0000000   9.0000000    0.0000   3402.735 0.109    7.3   12.4 1.68 -0.022  30   0 14:16:34     44674.59389    0.0000  2022/05/24
 0.0000000   9.0000000    0.0000   3402.741 0.141    8.4   14.8 1.68 -0.022  30   0 14:17:17     44674.59438    0.0000  2022/05/24
 0.0000000   9.0000000    0.0000   3402.739 0.219    6.3   11.4 1.68 -0.022  30   0 14:17:51     44674.59478    0.0000  2022/05/24
 0.0000000  11.0000000    0.0000   3402.312 0.106   20.2    0.7 1.75 -0.025  30   0 14:32:43     44674.60508    0.0000  2022/05/24
 0.0000000  11.0000000    0.0000   3402.322 0.068   29.7    1.9 1.75 -0.025  30   0 14:33:26     44674.60558    0.0000  2022/05/24
 0.0000000  11.0000000    0.0000   3402.326 0.071   36.3    2.6 1.76 -0.025  30   0 14:34:00     44674.60597    0.0000  2022/05/24
 0.0000000  13.0000000    0.0000   3401.418 0.786   58.8  -12.3 1.79 -0.027  30   0 14:44:31     44674.61326    0.0000  2022/05/24
 0.0000000  13.0000000    0.0000   3401.421 0.256   52.5  -23.6 1.79 -0.027  30   0 14:45:14     44674.61376    0.0000  2022/05/24
 0.0000000  13.0000000    0.0000   3401.341 0.318   47.0  -27.7 1.80 -0.027  30   0 14:45:48     44674.61415    0.0000  2022/05/24
 0.0000000  15.0000000    0.0000   3401.012 0.360  269.1  -29.9 1.77 -0.029  30   0 14:56:53     44674.62184    0.0000  2022/05/24
 0.0000000  15.0000000    0.0000   3400.999 0.207  272.7  -30.2 1.77 -0.029  30   0 14:57:36     44674.62234    0.0000  2022/05/24
 0.0000000  15.0000000    0.0000   3400.966 0.335  288.3  -26.5 1.77 -0.029  30   0 14:58:10     44674.62273    0.0000  2022/05/24
 0.0000000  1001.0000000    0.0000   3401.244 0.162    3.7    0.7 1.76 -0.031  30   0 15:08:09     44674.62965    0.0000  2022/05/24
 0.0000000  1001.0000000    0.0000   3401.249 0.077    4.6   -0.1 1.76 -0.031  30   0 15:08:52     44674.63015    0.0000  2022/05/24
 0.0000000  1001.0000000    0.0000   3401.249 0.061    5.3    0.0 1.76 -0.031  30   0 15:09:26     44674.63054    0.0000  2022/05/24