
/	CG-5 SOFTWARE VER.:  4.2
/	CG-5 SURVEY
/	Survey name:   	g2
/	Instrument S/N:	41422
/	Client:        	efault
/	Operator:      	as
/	Date:          	2022/ 5/24
/	Time:          	11:26:14
/	LONG:        	79.6000000 W
/	LAT:         	43.9000000 N
/	ZONE:        	0       
/	GMT DIFF.:   	4.0 

/	CG-5 SETUP PARAMETERS
/	Gref:		0.000   
/	Gcal1:		8399.894
/	TiltxS:		598.180 
/	TiltyS:		620.850 
/	TiltxO:		-6.981  
/	TiltyO:		-14.632 
/	Tempco:		-0.133  
/	Drift:		-0.008  
/	DriftTime Start:	11:26:27
/	DriftDate Start:	2022/05/24

/	CG-5 OPTIONS
/	Tide Correction:     NO
/	Cont. Tilt:          NO
/	Auto Rejection:      NO
/	Terrain Corr.:       NO
/	Seismic Filter:      NO
/	Raw Data:           YES
/------LINE-----STATION-----ALT.------GRAV.---SD.--TILTX--TILTY-TEMP---TIDE---DUR-REJ-----TIME----DEC.TIME+DATE--TERRAIN---DATE
 0.0000000  2000.0000000    0.0000   3419.119 0.034   -9.4    1.0 -4.19 0.005  30   0 12:29:04     44674.51935    0.0000  2022/05/24
 0.0000000  2000.0000000    0.0000   3419.120 0.030  -10.1    0.2 -4.20 0.005  30   0 12:29:47     44674.51985    0.0000  2022/05/24
 0.0000000  2000.0000000    0.0000   3419.120 0.015  -10.3   -0.5 -4.22 0.005  30   0 12:30:21     44674.52024    0.0000  2022/05/24
 0.0000000   2.0000000    0.0000   3425.706 0.046  -38.2   -8.7 -4.39 -0.010  30   0 13:31:49     44674.56286    0.0000  2022/05/24
 0.0000000   2.0000000    0.0000   3425.707 0.024  -52.6  -20.2 -4.39 -0.010  30   0 13:32:32     44674.56336    0.0000  2022/05/24
 0.0000000   2.0000000    0.0000   3425.712 0.009  -65.1  -28.9 -4.39 -0.011  30   0 13:33:06     44674.56375    0.0000  2022/05/24
 0.0000000   4.0000000    0.0000   3424.771 0.022  -10.1    7.7 -4.45 -0.015  30   0 13:47:46     44674.57392    0.0000  2022/05/24
 0.0000000   4.0000000    0.0000   3424.777 0.046  -12.9    7.8 -4.46 -0.015  30   0 13:48:29     44674.57442    0.0000  2022/05/24
 0.0000000   4.0000000    0.0000   3424.780 0.297  -15.2    8.4 -4.46 -0.015  30   0 13:49:03     44674.57481    0.0000  2022/05/24
 0.0000000   6.0000000    0.0000   3422.534 0.093   -0.1  -12.8 -4.50 -0.017  30   0 13:58:48     44674.58157    0.0000  2022/05/24
 0.0000000   6.0000000    0.0000   3422.533 0.158    3.2  -24.5 -4.49 -0.017  30   0 13:59:31     44674.58206    0.0000  2022/05/24
 0.0000000   6.0000000    0.0000   3422.530 0.047   -1.0  -31.2 -4.49 -0.018  30   0 14:00:05     44674.58246    0.0000  2022/05/24
 0.0000000   8.0000000    0.0000   3421.169 0.089   -8.5   -6.9 -4.45 -0.021  30   0 14:16:21     44674.59374    0.0000  2022/05/24
 0.0000000   8.0000000    0.0000   3421.172 0.107  -11.3   -7.0 -4.46 -0.022  30   0 14:17:04     44674.59423    0.0000  2022/05/24
 0.0000000   8.0000000    0.0000   3421.183 0.057  -29.4   -6.8 -4.50 -0.022  30   0 14:19:32     44674.59594    0.0000  2022/05/24
 0.0000000   8.0000000    0.0000   3421.184 0.104  -30.6   -7.8 -4.52 -0.022  30   0 14:20:15     44674.59644    0.0000  2022/05/24
 0.0000000   8.0000000    0.0000   3421.183 0.052  -31.1   -8.4 -4.53 -0.022  30   0 14:20:49     44674.59683    0.0000  2022/05/24
 0.0000000  10.0000000    0.0000   3420.521 0.037   13.3    2.0 -4.54 -0.025  30   0 14:34:08     44674.60607    0.0000  2022/05/24
 0.0000000  10.0000000    0.0000   3420.523 0.020   16.9    2.2 -4.53 -0.025  30   0 14:34:51     44674.60656    0.0000  2022/05/24
 0.0000000  10.0000000    0.0000   3420.526 0.071   20.1    2.1 -4.53 -0.025  30   0 14:35:25     44674.60696    0.0000  2022/05/24
 0.0000000  12.0000000    0.0000   3419.696 0.335   12.9   -6.4 -4.51 -0.028  30   0 14:50:07     44674.61715    0.0000  2022/05/24
 0.0000000  12.0000000    0.0000   3419.745 0.315    7.9   -6.0 -4.51 -0.028  30   0 14:50:50     44674.61764    0.0000  2022/05/24
 0.0000000  2001.0000000    0.0000   3419.182 0.080    1.2   -1.9 -4.38 -0.031  30   0 15:12:24     44674.63260    0.0000  2022/05/24
 0.0000000  2001.0000000    0.0000   3419.185 0.046    1.7   -1.8 -4.38 -0.031  30   0 15:13:07     44674.63309    0.0000  2022/05/24
 0.0000000  2001.0000000    0.0000   3419.187 0.054    1.9   -1.1 -4.39 -0.031  30   0 15:13:41     44674.63349    0.0000  2022/05/24